Modelo exacto			Heuristica
FO	Ordenes	Tiempo	FO	Ordenes	Tiempo
Iteración: 0
43.95000000000002	41.0	32.25
hormigas: 10 iteraciones:10	43.30000000000001	41	1.59	43.25000000000002	41	1.67	43.30000000000002	41	1.67	43.250000000000014	41	1.77	42.300000000000004	40	1.67	43.35	41	1.68	43.20000000000001	41	1.62	43.30000000000001	41	1.62	43.300000000000004	41	1.62	43.300000000000004	41	1.68	43.30000000000001	41	1.61	43.300000000000004	41	1.63	43.20000000000002	41	1.59	43.30000000000001	41	1.61	43.30000000000001	41	1.63	43.30000000000001	41	1.63	43.195000000000014	41	1.63	43.30000000000001	41	1.69	43.25000000000001	41	1.62	43.250000000000014	41	1.62
hormigas: 20 iteraciones:10	43.30000000000001	41	3.2	43.30000000000001	41	3.45	43.350000000000016	41	3.28	43.300000000000004	41	3.23	43.35000000000001	41	3.58	43.25000000000001	41	3.54	43.30000000000001	41	3.56	43.30000000000001	41	3.53	43.35000000000001	41	3.29	43.30000000000001	41	3.44	43.35	41	3.33	43.300000000000004	41	3.22	43.20000000000001	41	3.19	43.30000000000001	41	3.14	43.30000000000001	41	3.18	43.30000000000001	41	3.46	43.30000000000001	41	3.4	43.300000000000004	41	3.47	43.295000000000016	41	3.43	43.35000000000001	41	3.4
hormigas: 30 iteraciones:10	43.30000000000001	41	5.42	43.30000000000002	41	5.39	43.30000000000001	41	5.2	43.30000000000001	41	5.13	43.30000000000002	41	4.64	43.35000000000001	41	4.65	43.30000000000002	41	5.41	43.30000000000001	41	6.36	43.35000000000001	41	5.29	43.30000000000002	41	4.85	43.35000000000001	41	5.21	43.30000000000001	41	6.31	43.35000000000001	41	6.03	43.30000000000001	41	6.58	43.30000000000002	41	5.94	43.30000000000001	41	5.84	43.30000000000001	41	5.13	43.30000000000001	41	5.28	43.35000000000001	41	4.8	43.35000000000001	41	4.74
hormigas: 40 iteraciones:10	43.30000000000001	41	6.24	43.30000000000001	41	6.43	43.250000000000014	41	6.29	43.30000000000001	41	6.72	43.35000000000001	41	7.33	43.35000000000001	41	6.55	43.30000000000001	41	6.42	43.35000000000001	41	6.45	43.30000000000002	41	6.46	43.30000000000001	41	6.66	43.350000000000016	41	6.26	43.35000000000001	41	6.72	43.35000000000001	41	10.24	43.35000000000001	41	8.72	43.35000000000001	41	7.37	43.30000000000001	41	6.4	43.30000000000001	41	6.23	43.35000000000001	41	6.21	43.30000000000002	41	7.23	43.30000000000001	41	9.21
hormigas: 50 iteraciones:10	43.35000000000001	41	10.26	43.30000000000001	41	9.48	43.30000000000001	41	9.1	43.35000000000001	41	8.56	43.30000000000001	41	8.88	43.30000000000001	41	8.9	43.30000000000002	41	9.68	43.35000000000001	41	9.38	43.30000000000001	41	8.83	43.350000000000016	41	8.73	43.30000000000001	41	8.64	43.35000000000001	41	8.54	43.30000000000001	41	8.47	43.35000000000001	41	9.42	43.30000000000001	41	8.72	43.29500000000001	41	12.56	43.30000000000002	41	9.06	43.35000000000001	41	10.06	43.35000000000001	41	9.87	43.35000000000001	41	10.16
hormigas: 60 iteraciones:10	43.350000000000016	41	12.59	43.35000000000001	41	12.1	43.350000000000016	41	11.9	43.35000000000001	41	11.22	43.35000000000001	41	13.19	43.350000000000016	41	12.16	43.35000000000001	41	14.11	43.350000000000016	41	15.53	43.30000000000001	41	14.25	43.35000000000001	41	13.16	43.35000000000001	41	12.06	43.30000000000001	41	11.75	43.35000000000001	41	12.4	43.35000000000001	41	11.15	43.35000000000001	41	11.05	43.35	41	10.98	43.35000000000001	41	10.89	43.35000000000001	41	11.23	43.30000000000001	41	11.33	43.35000000000001	41	11.64
hormigas: 70 iteraciones:10	43.35000000000001	41	13.27	43.30000000000001	41	13.12	43.30000000000002	41	12.9	43.350000000000016	41	13.03	43.350000000000016	41	12.65	43.35000000000001	41	12.99	43.30000000000001	41	12.86	43.35000000000001	41	12.8	43.30000000000002	41	12.82	43.350000000000016	41	12.54	43.30000000000001	41	12.49	43.30000000000002	41	12.44	43.350000000000016	41	12.82	43.30000000000001	41	13.0	43.35000000000001	41	11.87	43.350000000000016	41	12.06	43.35000000000001	41	12.26	43.35000000000001	41	12.61	43.30000000000001	41	12.84	43.350000000000016	41	12.26
hormigas: 80 iteraciones:10	43.30000000000001	41	14.42	43.35000000000001	41	14.15	43.30000000000002	41	14.08	43.35000000000001	41	14.83	43.35	41	14.3	43.35000000000001	41	14.19	43.300000000000004	41	13.65	43.30000000000001	41	14.27	43.350000000000016	41	13.89	43.30000000000002	41	14.26	43.35000000000001	41	13.87	43.350000000000016	41	14.21	43.35	41	13.98	43.35000000000001	41	14.52	43.35000000000001	41	14.1	43.350000000000016	41	13.6	43.35000000000001	41	14.12	43.350000000000016	41	13.86	43.35000000000001	41	14.0	43.35000000000001	41	14.96
hormigas: 90 iteraciones:10	43.35000000000001	41	15.77	43.350000000000016	41	15.6	43.350000000000016	41	15.48	43.35000000000001	41	15.46	43.350000000000016	41	15.57	43.35000000000001	41	16.15	43.35000000000001	41	16.7	43.35000000000001	41	15.27	43.35000000000001	41	15.97	43.35000000000001	41	15.41	43.30000000000001	41	15.77	43.35000000000001	41	15.77	43.350000000000016	41	15.68	43.30000000000002	41	15.83	43.35000000000001	41	15.65	43.35000000000001	41	16.54	43.35000000000001	41	15.49	43.30000000000001	41	15.73	43.350000000000016	41	17.1	43.35000000000001	41	15.94
hormigas: 10 iteraciones:20	43.35000000000001	41	3.47	43.30000000000001	41	3.41	43.30000000000001	41	3.52	43.25000000000002	41	3.83	43.35000000000001	41	3.43	43.29500000000001	41	3.46	43.30000000000001	41	3.73	43.30000000000001	41	3.44	43.30000000000001	41	3.44	43.30000000000001	41	3.45	43.35000000000001	41	3.64	43.250000000000014	41	3.7	43.30000000000001	41	3.62	43.30000000000002	41	3.62	43.35000000000001	41	3.81	43.30000000000002	41	3.69	43.30000000000001	41	3.58	43.29500000000001	41	3.57	43.250000000000014	41	3.46	43.30000000000001	41	3.56
hormigas: 20 iteraciones:20	43.35000000000001	41	7.03	43.30000000000002	41	7.09	43.300000000000004	41	7.13	43.300000000000004	41	7.18	43.30000000000001	41	7.15	43.30000000000001	41	7.27	43.350000000000016	41	7.19	43.35000000000001	41	7.29	43.250000000000014	41	7.18	43.350000000000016	41	7.25	43.35000000000001	41	7.09	43.350000000000016	41	7.17	43.35000000000001	41	7.24	43.30000000000001	41	7.31	43.30000000000001	41	7.16	43.30000000000001	41	7.41	43.30000000000001	41	7.49	43.29500000000001	41	7.31	43.35000000000001	41	6.84	43.30000000000001	41	6.81
hormigas: 30 iteraciones:20	43.35000000000001	41	10.17	43.350000000000016	41	11.06	43.350000000000016	41	10.24	43.35000000000001	41	10.33	43.35000000000001	41	10.58	43.35000000000001	41	10.64	43.35	41	10.63	43.35000000000001	41	10.6	43.35	41	10.61	43.35000000000001	41	10.7	43.35000000000001	41	10.64	43.350000000000016	41	10.8	43.350000000000016	41	10.86	43.35000000000001	41	10.62	43.30000000000001	41	10.6	43.30000000000002	41	10.5	43.35000000000001	41	10.55	43.350000000000016	41	10.52	43.35000000000001	41	10.61	43.35000000000001	41	10.7
hormigas: 40 iteraciones:20	43.35000000000001	41	14.18	43.30000000000002	41	14.3	43.350000000000016	41	14.22	43.35000000000001	41	15.66	43.30000000000002	41	14.36	43.350000000000016	41	13.95	43.35000000000001	41	14.57	43.35000000000001	41	14.42	43.35000000000001	41	14.62	43.30000000000002	41	14.7	43.350000000000016	41	15.62	43.30000000000002	41	14.2	43.35000000000001	41	14.55	43.35000000000001	41	14.57	43.35000000000001	41	14.55	43.350000000000016	41	14.51	43.35000000000001	41	14.63	43.35000000000001	41	14.42	43.30000000000001	41	14.73	43.35000000000001	41	14.48
hormigas: 50 iteraciones:20	43.35000000000001	41	18.89	43.350000000000016	41	18.3	43.35000000000001	41	18.64	43.350000000000016	41	18.34	43.35000000000001	41	22.97	43.350000000000016	41	21.5	43.35000000000001	41	20.01	43.35000000000001	41	20.92	43.350000000000016	41	20.98	43.35000000000001	41	22.12	43.35000000000001	41	23.48	43.35000000000001	41	18.64	43.35000000000001	41	20.89	43.35000000000001	41	18.23	43.35000000000001	41	18.37	43.350000000000016	41	17.18	43.35000000000001	41	16.62	43.35000000000001	41	16.8	43.35000000000001	41	16.98	43.35000000000001	41	17.13
hormigas: 60 iteraciones:20	43.35000000000001	41	20.24	43.350000000000016	41	20.5	43.350000000000016	41	20.05	43.30000000000001	41	20.1	43.35000000000001	41	20.26	43.350000000000016	41	20.37	43.30000000000002	41	20.26	43.35000000000001	41	20.16	43.350000000000016	41	20.94	43.35000000000001	41	20.45	43.350000000000016	41	20.66	43.350000000000016	41	20.51	43.350000000000016	41	20.61	43.350000000000016	41	20.49	43.35000000000001	41	20.44	43.350000000000016	41	20.52	43.35000000000001	41	20.66	43.35	41	20.44	43.35000000000001	41	20.42	43.35000000000001	41	20.47
hormigas: 70 iteraciones:20	43.30000000000002	41	24.68	43.350000000000016	41	26.51	43.35000000000001	41	24.51	43.350000000000016	41	24.67	43.35	41	24.14	43.35000000000001	41	25.43	43.35000000000001	41	27.18	43.35000000000001	41	24.38	43.35	41	26.45	43.35000000000001	41	23.71	43.35000000000001	41	28.24	43.350000000000016	41	23.6	43.350000000000016	41	24.27	43.350000000000016	41	24.28	43.30000000000001	41	23.65	43.350000000000016	41	22.97	43.35000000000001	41	22.25	43.35000000000001	41	24.15	43.350000000000016	41	22.82	43.350000000000016	41	22.77
hormigas: 80 iteraciones:20	43.35000000000001	41	25.59	43.35000000000001	41	25.52	43.35000000000001	41	25.73	43.30000000000001	41	25.47	43.350000000000016	41	25.64	43.35000000000001	41	25.89	43.35000000000001	41	25.5	43.35000000000001	41	26.72	43.350000000000016	41	25.76	43.350000000000016	41	25.78	43.35000000000001	41	25.53	43.350000000000016	41	26.46	43.35000000000001	41	26.36	43.350000000000016	41	25.97	43.35000000000001	41	25.62	43.350000000000016	41	25.78	43.350000000000016	41	25.96	43.350000000000016	41	25.8	43.35000000000001	41	25.67	43.350000000000016	41	25.74
hormigas: 90 iteraciones:20	43.35000000000001	41	28.89	43.350000000000016	41	29.01	43.35000000000001	41	28.65	43.35000000000001	41	28.82	43.350000000000016	41	28.99	43.35000000000001	41	28.69	43.350000000000016	41	28.89	43.35000000000001	41	28.91	43.350000000000016	41	28.68	43.35000000000001	41	28.99	43.35000000000001	41	28.81	43.350000000000016	41	28.86	43.35000000000001	41	29.15	43.350000000000016	41	29.03	43.350000000000016	41	29.38	43.35000000000001	41	28.67	43.35000000000001	41	29.03	43.35000000000001	41	29.11	43.350000000000016	41	29.01	43.350000000000016	41	28.83
hormigas: 10 iteraciones:30	43.35000000000001	41	5.13	43.350000000000016	41	4.85	43.35000000000001	41	4.81	43.30000000000001	41	4.89	43.35000000000001	41	4.85	43.30000000000001	41	4.94	43.35000000000001	41	4.81	43.30000000000001	41	4.85	43.30000000000001	41	4.9	43.35000000000001	41	4.84	43.35000000000001	41	4.81	43.35000000000001	41	4.93	43.35000000000001	41	4.8	43.30000000000001	41	4.89	43.30000000000002	41	4.91	43.30000000000001	41	4.9	43.30000000000002	41	4.85	43.35000000000001	41	4.9	43.300000000000004	41	4.86	43.30000000000001	41	4.84
hormigas: 20 iteraciones:30	43.35000000000001	41	9.68	43.30000000000001	41	9.72	43.30000000000001	41	9.8	43.35000000000001	41	10.16	43.35000000000001	41	9.69	43.30000000000001	41	9.78	43.30000000000002	41	9.69	43.350000000000016	41	9.76	43.350000000000016	41	9.69	43.35000000000001	41	9.81	43.35000000000001	41	9.8	43.30000000000002	41	9.73	43.35000000000001	41	9.83	43.35000000000001	41	9.77	43.35000000000001	41	9.85	43.30000000000001	41	9.76	43.30000000000001	41	9.69	43.30000000000002	41	9.71	43.30000000000001	41	9.66	43.35000000000001	41	9.65
hormigas: 30 iteraciones:30	43.35000000000001	41	14.66	43.35000000000001	41	14.52	43.35000000000001	41	14.69	43.35000000000001	41	14.59	43.350000000000016	41	14.71	43.30000000000001	41	14.51	43.35000000000001	41	14.56	43.35000000000001	41	14.79	43.30000000000002	41	14.62	43.35000000000001	41	14.95	43.35000000000001	41	14.67	43.35000000000001	41	14.52	43.35000000000001	41	14.55	43.35000000000001	41	14.48	43.350000000000016	41	14.47	43.35000000000001	41	14.91	43.35000000000001	41	14.62	43.35000000000001	41	14.63	43.35000000000001	41	14.69	43.35000000000001	41	14.54
hormigas: 40 iteraciones:30	43.35000000000001	41	19.6	43.35000000000001	41	19.47	43.35000000000001	41	19.52	43.35000000000001	41	19.65	43.35000000000001	41	19.68	43.350000000000016	41	19.33	43.35000000000001	41	19.3	43.350000000000016	41	19.54	43.350000000000016	41	19.64	43.350000000000016	41	19.56	43.35000000000001	41	19.93	43.35000000000001	41	19.64	43.350000000000016	41	19.44	43.350000000000016	41	19.45	43.35000000000001	41	19.57	43.350000000000016	41	19.46	43.35000000000001	41	19.64	43.35000000000001	41	19.47	43.35000000000001	41	19.47	43.35000000000001	41	19.65
hormigas: 50 iteraciones:30	43.35000000000001	41	24.31	43.35000000000001	41	25.43	43.35000000000001	41	27.84	43.35000000000001	41	25.29	43.35000000000001	41	25.25	43.35000000000001	41	25.77	43.350000000000016	41	25.03	43.35000000000001	41	24.3	43.35000000000001	41	24.46	43.35000000000001	41	24.37	43.35000000000001	41	24.31	43.350000000000016	41	24.59	43.350000000000016	41	24.45	43.35000000000001	41	24.52	43.350000000000016	41	24.43	43.35000000000001	41	24.25	43.350000000000016	41	24.34	43.35000000000001	41	24.4	43.30000000000002	41	24.55	43.35000000000001	41	24.37
hormigas: 60 iteraciones:30	43.35000000000001	41	29.16	43.350000000000016	41	29.02	43.350000000000016	41	29.27	43.350000000000016	41	29.43	43.350000000000016	41	29.14	43.350000000000016	41	29.58	43.350000000000016	41	28.95	43.350000000000016	41	29.24	43.350000000000016	41	29.46	43.350000000000016	41	29.36	43.350000000000016	41	29.04	43.35000000000001	41	29.33	43.350000000000016	41	28.92	43.350000000000016	41	29.09	43.35000000000001	41	28.86	43.350000000000016	41	29.34	43.35000000000001	41	29.26	43.350000000000016	41	29.56	43.35000000000001	41	29.03	43.35000000000001	41	28.84
hormigas: 70 iteraciones:30	43.350000000000016	41	33.78	43.350000000000016	41	33.9	43.350000000000016	41	34.21	43.350000000000016	41	33.74	43.350000000000016	41	33.75	43.35000000000001	41	33.89	43.35000000000001	41	33.97	43.350000000000016	41	33.95	43.350000000000016	41	33.78	43.350000000000016	41	33.74	43.350000000000016	41	34.14	43.35000000000001	41	33.96	43.35000000000001	41	34.19	43.35000000000001	41	33.99	43.35000000000001	41	33.74	43.35000000000001	41	33.97	43.35000000000001	41	33.68	43.35000000000001	41	33.93	43.35000000000001	41	33.75	43.350000000000016	41	34.07
hormigas: 80 iteraciones:30	43.35000000000001	41	38.54	43.350000000000016	41	38.75	43.350000000000016	41	38.94	43.350000000000016	41	39.08	43.350000000000016	41	38.95	43.350000000000016	41	38.79	43.350000000000016	41	38.86	43.35000000000001	41	39.06	43.350000000000016	41	38.65	43.350000000000016	41	39.08	43.350000000000016	41	38.88	43.350000000000016	41	38.79	43.350000000000016	41	39.06	43.350000000000016	41	38.78	43.350000000000016	41	39.02	43.35000000000001	41	38.79	43.35000000000001	41	38.87	43.350000000000016	41	39.15	43.350000000000016	41	38.95	43.35000000000001	41	38.74
hormigas: 90 iteraciones:30	43.350000000000016	41	43.54	43.350000000000016	41	43.59	43.35000000000001	41	43.55	43.350000000000016	41	43.65	43.350000000000016	41	43.49	43.35000000000001	41	43.98	43.350000000000016	41	43.37	43.35000000000001	41	43.88	43.35000000000001	41	43.68	43.350000000000016	41	43.61	43.35000000000001	41	43.48	43.350000000000016	41	43.65	43.350000000000016	41	43.96	43.35000000000001	41	43.76	43.350000000000016	41	43.38	43.35000000000001	41	43.87	43.350000000000016	41	43.67	43.350000000000016	41	43.62	43.35000000000001	41	43.76	43.35000000000001	41	43.67
hormigas: 10 iteraciones:40	43.35	41	6.53	43.35000000000001	41	6.49	43.30000000000001	41	6.59	43.350000000000016	41	6.47	43.30000000000002	41	6.51	43.35000000000001	41	6.51	43.30000000000001	41	6.44	43.35000000000001	41	6.64	43.35000000000001	41	6.53	43.30000000000002	41	6.59	43.30000000000002	41	6.53	43.35000000000001	41	6.58	43.35000000000001	41	6.54	43.250000000000014	41	6.39	43.35000000000001	41	6.48	43.35000000000001	41	6.51	43.30000000000001	41	6.49	43.30000000000002	41	6.51	43.30000000000001	41	6.79	43.30000000000001	41	6.44
hormigas: 20 iteraciones:40	43.350000000000016	41	12.94	43.30000000000002	41	12.83	43.35000000000001	41	12.89	43.30000000000002	41	13.07	43.350000000000016	41	12.96	43.35000000000001	41	13.06	43.35000000000001	41	12.93	43.30000000000001	41	13.12	43.35000000000001	41	13.01	43.350000000000016	41	13.05	43.35000000000001	41	12.83	43.30000000000001	41	12.91	43.35000000000001	41	12.93	43.30000000000002	41	12.82	43.35000000000001	41	12.98	43.35000000000001	41	12.94	43.35000000000001	41	12.96	43.35000000000001	41	13.25	43.350000000000016	41	12.93	43.35000000000001	41	12.97
hormigas: 30 iteraciones:40	43.30000000000002	41	19.39	43.350000000000016	41	19.56	43.35000000000001	41	19.4	43.350000000000016	41	19.36	43.35000000000001	41	19.37	43.35000000000001	41	19.34	43.35000000000001	41	19.2	43.350000000000016	41	19.73	43.35000000000001	41	19.41	43.35000000000001	41	19.37	43.35000000000001	41	19.43	43.350000000000016	41	19.28	43.35000000000001	41	22.48	43.35000000000001	41	21.9	43.30000000000002	41	20.17	43.350000000000016	41	20.73	43.30000000000001	41	22.56	43.35000000000001	41	22.85	43.35000000000001	41	22.8	43.350000000000016	41	22.04
hormigas: 40 iteraciones:40	43.35000000000001	41	26.08	43.35000000000001	41	26.02	43.350000000000016	41	26.12	43.350000000000016	41	26.24	43.350000000000016	41	25.94	43.35000000000001	41	26.12	43.350000000000016	41	26.21	43.350000000000016	41	25.84	43.35000000000001	41	26.56	43.35000000000001	41	25.77	43.35	41	25.93	43.350000000000016	41	25.92	43.35000000000001	41	25.72	43.350000000000016	41	25.82	43.350000000000016	41	26.02	43.350000000000016	41	26.11	43.350000000000016	41	25.62	43.35000000000001	41	26.04	43.35000000000001	41	25.96	43.350000000000016	41	26.03
hormigas: 50 iteraciones:40	43.35000000000001	41	32.61	43.350000000000016	41	32.7	43.35000000000001	41	32.4	43.35000000000001	41	32.45	43.350000000000016	41	32.55	43.350000000000016	41	32.68	43.35000000000001	41	32.51	43.350000000000016	41	32.44	43.350000000000016	41	32.41	43.350000000000016	41	32.49	43.35000000000001	41	32.45	43.350000000000016	41	32.6	43.35000000000001	41	32.27	43.350000000000016	41	32.9	43.350000000000016	41	32.41	43.35000000000001	41	32.41	43.350000000000016	41	32.57	43.35000000000001	41	37.95	43.35000000000001	41	35.36	43.35000000000001	41	36.04
hormigas: 60 iteraciones:40	43.350000000000016	41	43.27	43.35000000000001	41	43.43	43.35000000000001	41	44.67	43.35000000000001	41	46.13	43.35000000000001	41	44.94	43.35000000000001	41	44.43	43.350000000000016	41	46.73	43.350000000000016	41	44.28	43.350000000000016	41	48.12	43.350000000000016	41	58.65	43.350000000000016	41	46.12	43.350000000000016	41	51.64	43.350000000000016	41	52.25	43.350000000000016	41	46.88	43.35	41	45.0	43.35000000000001	41	44.83	43.350000000000016	41	45.41	43.35000000000001	41	45.37	43.35000000000001	41	46.23	43.350000000000016	41	45.57
hormigas: 70 iteraciones:40	43.350000000000016	41	53.25	43.35000000000001	41	54.9	43.35000000000001	41	52.82	43.350000000000016	41	53.01	43.350000000000016	41	53.03	43.350000000000016	41	53.36	43.350000000000016	41	52.83	43.350000000000016	41	52.94	43.350000000000016	41	54.23	43.350000000000016	41	51.38	43.350000000000016	41	60.08	43.350000000000016	41	53.87	43.350000000000016	41	57.39	43.350000000000016	41	60.9	43.350000000000016	41	61.17	43.350000000000016	41	52.72	43.35000000000001	41	53.06	43.350000000000016	41	55.85	43.350000000000016	41	54.5	43.350000000000016	41	54.53
hormigas: 80 iteraciones:40	43.35000000000001	41	62.2	43.350000000000016	41	65.78	43.350000000000016	41	62.95	43.350000000000016	41	65.11	43.35000000000001	41	63.78	43.350000000000016	41	62.93	43.35000000000001	41	63.13	43.35000000000001	41	62.94	43.350000000000016	41	64.43	43.350000000000016	41	65.03	43.350000000000016	41	77.9	43.35000000000001	41	68.64	43.350000000000016	41	84.12	43.35000000000001	41	72.61	43.350000000000016	41	71.03	43.35000000000001	41	71.96	43.350000000000016	41	64.32	43.35000000000001	41	63.39	43.350000000000016	41	63.38	43.350000000000016	41	75.15
hormigas: 90 iteraciones:40	43.350000000000016	41	77.14	43.350000000000016	41	69.92	43.350000000000016	41	83.58	43.350000000000016	41	85.1	43.350000000000016	41	80.8	43.35000000000001	41	68.88	43.350000000000016	41	73.62	43.35000000000001	41	72.16	43.350000000000016	41	73.24	43.350000000000016	41	78.67	43.350000000000016	41	72.06	43.35000000000001	41	81.64	43.350000000000016	41	70.45	43.350000000000016	41	68.14	43.350000000000016	41	68.68	43.350000000000016	41	72.48	43.350000000000016	41	74.78	43.350000000000016	41	68.88	43.35000000000001	41	85.46	43.350000000000016	41	93.46
hormigas: 10 iteraciones:50	43.30000000000001	41	15.08	43.35000000000001	41	10.16	43.350000000000016	41	9.88	43.35000000000001	41	10.94	43.35	41	11.36	43.350000000000016	41	10.35	43.30000000000001	41	11.24	43.350000000000016	41	11.27	43.35000000000001	41	10.43	43.30000000000001	41	11.04	43.30000000000001	41	10.84	43.350000000000016	41	9.27	43.30000000000001	41	9.22	43.300000000000004	41	9.63	43.30000000000002	41	9.1	43.35000000000001	41	12.42	43.30000000000001	41	11.42	43.30000000000002	41	8.84	43.30000000000001	41	9.25	43.35000000000001	41	9.35
hormigas: 20 iteraciones:50	43.35000000000001	41	19.22	43.35000000000001	41	20.13	43.35000000000001	41	19.04	43.35000000000001	41	18.05	43.35000000000001	41	17.98	43.35000000000001	41	19.68	43.350000000000016	41	18.31	43.35000000000001	41	17.6	43.30000000000001	41	17.57	43.30000000000002	41	17.66	43.350000000000016	41	17.24	43.35	41	17.56	43.35000000000001	41	17.61	43.35000000000001	41	17.54	43.35000000000001	41	17.88	43.35000000000001	41	17.75	43.35000000000001	41	17.72	43.35000000000001	41	18.95	43.35000000000001	41	17.78	43.35000000000001	41	17.55
hormigas: 30 iteraciones:50	43.350000000000016	41	26.68	43.350000000000016	41	26.34	43.35000000000001	41	26.31	43.35000000000001	41	26.17	43.35000000000001	41	27.64	43.35000000000001	41	25.93	43.350000000000016	41	26.41	43.35000000000001	41	26.64	43.35000000000001	41	27.06	43.350000000000016	41	26.87	43.35000000000001	41	27.15	43.350000000000016	41	26.72	43.30000000000002	41	26.95	43.35000000000001	41	26.7	43.350000000000016	41	27.71	43.35000000000001	41	28.0	43.350000000000016	41	26.56	43.350000000000016	41	27.35	43.35000000000001	41	26.25	43.350000000000016	41	25.67
hormigas: 40 iteraciones:50	43.350000000000016	41	37.79	43.35000000000001	41	37.26	43.350000000000016	41	35.37	43.350000000000016	41	34.15	43.350000000000016	41	35.18	43.35000000000001	41	37.72	43.35000000000001	41	38.44	43.350000000000016	41	37.99	43.350000000000016	41	36.35	43.35000000000001	41	36.32	43.350000000000016	41	37.34	43.350000000000016	41	35.99	43.35000000000001	41	37.1	43.350000000000016	41	36.09	43.350000000000016	41	36.13	43.35000000000001	41	36.05	43.35000000000001	41	36.02	43.35000000000001	41	34.31	43.35000000000001	41	32.95	43.35000000000001	41	33.69
hormigas: 50 iteraciones:50	43.35000000000001	41	41.29	43.35000000000001	41	43.95	43.350000000000016	41	41.73	43.350000000000016	41	41.1	43.35000000000001	41	41.25	43.35000000000001	41	41.5	43.35000000000001	41	41.84	43.350000000000016	41	43.72	43.350000000000016	41	42.05	43.350000000000016	41	41.42	43.350000000000016	41	41.9	43.350000000000016	41	41.79	43.35000000000001	41	46.89	43.350000000000016	41	45.79	43.350000000000016	41	45.17	43.350000000000016	41	44.83	43.35000000000001	41	43.81	43.350000000000016	41	42.85	43.350000000000016	41	42.13	43.350000000000016	41	42.71
hormigas: 60 iteraciones:50	43.350000000000016	41	50.43	43.350000000000016	41	50.37	43.350000000000016	41	53.44	43.35000000000001	41	60.35	43.35000000000001	41	59.15	43.350000000000016	41	64.92	43.35000000000001	41	66.43	43.350000000000016	41	53.06	43.350000000000016	41	53.87	43.350000000000016	41	52.94	43.350000000000016	41	51.53	43.350000000000016	41	52.78	43.350000000000016	41	50.78	43.35000000000001	41	49.8	43.350000000000016	41	49.91	43.350000000000016	41	49.54	43.350000000000016	41	50.61	43.350000000000016	41	49.61	43.350000000000016	41	52.03	43.350000000000016	41	49.39
hormigas: 70 iteraciones:50	43.350000000000016	41	57.84	43.35000000000001	41	57.79	43.350000000000016	41	58.1	43.350000000000016	41	57.7	43.35000000000001	41	57.38	43.35000000000001	41	57.38	43.350000000000016	41	60.94	43.350000000000016	41	57.9	43.350000000000016	41	57.58	43.350000000000016	41	57.32	43.350000000000016	41	57.61	43.350000000000016	41	57.63	43.35000000000001	41	57.6	43.350000000000016	41	57.38	43.350000000000016	41	58.3	43.350000000000016	41	57.92	43.350000000000016	41	57.76	43.35000000000001	41	57.64	43.350000000000016	41	58.32	43.35000000000001	41	63.2
hormigas: 80 iteraciones:50	43.350000000000016	41	65.98	43.35000000000001	41	68.16	43.350000000000016	41	80.18	43.350000000000016	41	79.3	43.350000000000016	41	68.48	43.350000000000016	41	72.45	43.350000000000016	41	64.86	43.35000000000001	41	64.54	43.350000000000016	41	64.42	43.350000000000016	41	66.39	43.350000000000016	41	66.49	43.35000000000001	41	68.78	43.350000000000016	41	66.25	43.35000000000001	41	63.68	43.350000000000016	41	63.33	43.350000000000016	41	67.65	43.350000000000016	41	65.57	43.35000000000001	41	67.22	43.350000000000016	41	65.35	43.35000000000001	41	66.91
hormigas: 90 iteraciones:50	43.350000000000016	41	77.29	43.350000000000016	41	82.63	43.350000000000016	41	71.78	43.350000000000016	41	71.04	43.350000000000016	41	73.9	43.350000000000016	41	73.52	43.350000000000016	41	74.84	43.350000000000016	41	76.07	43.350000000000016	41	75.69	43.350000000000016	41	76.02	43.35000000000001	41	74.77	43.350000000000016	41	74.61	43.35000000000001	41	76.6	43.350000000000016	41	73.83	43.35000000000001	41	72.86	43.35000000000001	41	75.13	43.35000000000001	41	73.75	43.350000000000016	41	74.23	43.350000000000016	41	74.59	43.350000000000016	41	77.02
hormigas: 10 iteraciones:60	43.30000000000001	41	10.58	43.350000000000016	41	10.39	43.350000000000016	41	11.82	43.30000000000001	41	10.39	43.35000000000001	41	9.96	43.35000000000001	41	9.92	43.35000000000001	41	10.44	43.35000000000001	41	10.72	43.350000000000016	41	10.5	43.35000000000001	41	11.52	43.30000000000002	41	10.08	43.350000000000016	41	10.72	43.35000000000001	41	10.17	43.35000000000001	41	10.32	43.35000000000001	41	10.39	43.350000000000016	41	9.93	43.30000000000001	41	9.87	43.30000000000001	41	9.94	43.30000000000001	41	10.02	43.350000000000016	41	10.31
hormigas: 20 iteraciones:60	43.350000000000016	41	20.62	43.35000000000001	41	21.11	43.35000000000001	41	19.81	43.35000000000001	41	20.11	43.350000000000016	41	19.59	43.35000000000001	41	19.41	43.35000000000001	41	21.12	43.35000000000001	41	19.13	43.350000000000016	41	21.23	43.35000000000001	41	20.2	43.35000000000001	41	21.59	43.35000000000001	41	21.18	43.35000000000001	41	20.28	43.35000000000001	41	19.17	43.30000000000002	41	26.53	43.35000000000001	41	24.55	43.350000000000016	41	20.2	43.35000000000001	41	20.95	43.35000000000001	41	21.29	43.35000000000001	41	20.28
hormigas: 30 iteraciones:60	43.35000000000001	41	31.94	43.35000000000001	41	32.73	43.30000000000001	41	30.34	43.350000000000016	41	30.49	43.350000000000016	41	31.04	43.350000000000016	41	33.1	43.35000000000001	41	32.04	43.35000000000001	41	32.29	43.35000000000001	41	32.01	43.350000000000016	41	41.57	43.350000000000016	41	30.84	43.350000000000016	41	33.24	43.35000000000001	41	29.98	43.35000000000001	41	33.18	43.35000000000001	41	31.15	43.35000000000001	41	31.26	43.35000000000001	41	31.28	43.350000000000016	41	32.13	43.350000000000016	41	31.72	43.350000000000016	41	31.86
hormigas: 40 iteraciones:60	43.350000000000016	41	41.71	43.350000000000016	41	41.73	43.350000000000016	41	44.86	43.350000000000016	41	44.46	43.350000000000016	41	42.01	43.35000000000001	41	41.41	43.350000000000016	41	42.11	43.35000000000001	41	41.89	43.350000000000016	41	49.12	43.35000000000001	41	50.63	43.35000000000001	41	57.28	43.350000000000016	41	52.82	43.350000000000016	41	56.79	43.35000000000001	41	45.68	43.350000000000016	41	48.55	43.350000000000016	41	50.81	43.350000000000016	41	53.98	43.35000000000001	41	48.54	43.35	41	50.88	43.35000000000001	41	50.88
hormigas: 50 iteraciones:60	43.350000000000016	41	57.46	43.35000000000001	41	59.11	43.350000000000016	41	68.23	43.35000000000001	41	21.75	43.35000000000001	41	68.84	43.35000000000001	41	19.59	43.35000000000001	41	62.0	43.350000000000016	41	59.24	43.350000000000016	41	59.7	43.350000000000016	41	56.05	43.350000000000016	41	57.14	43.35000000000001	41	57.53	43.350000000000016	41	57.96	43.350000000000016	41	57.63	43.35000000000001	41	59.43	43.35000000000001	41	57.22	43.350000000000016	41	59.86	43.350000000000016	41	55.71	43.350000000000016	41	55.34	43.350000000000016	41	55.68	43.350000000000016	41	55.61	43.35000000000001	41	55.95
hormigas: 60 iteraciones:60	43.350000000000016	41	66.72	43.35000000000001	41	66.73	43.350000000000016	41	70.41	43.350000000000016	41	70.62	43.350000000000016	41	68.39	43.350000000000016	41	67.4	43.350000000000016	41	66.42	43.35000000000001	41	77.4	43.35000000000001	41	85.85	43.350000000000016	41	69.32	43.350000000000016	41	72.26	43.35000000000001	41	76.89	43.350000000000016	41	74.34	43.35000000000001	41	70.14	43.350000000000016	41	70.83	43.350000000000016	41	70.88	43.350000000000016	41	78.47	43.350000000000016	41	76.61	43.350000000000016	41	70.33	43.350000000000016	41	73.5
hormigas: 70 iteraciones:60	43.350000000000016	41	81.4	43.350000000000016	41	82.48	43.350000000000016	41	74.69	43.35000000000001	41	100.43	43.350000000000016	41	76.45	43.350000000000016	41	73.34	43.350000000000016	41	82.62	43.350000000000016	41	71.69	43.350000000000016	41	73.54	43.350000000000016	41	70.63	43.350000000000016	41	69.52	43.350000000000016	41	70.29	43.350000000000016	41	69.81	43.350000000000016	41	71.4	43.350000000000016	41	70.92	43.350000000000016	41	70.0	43.350000000000016	41	69.2	43.350000000000016	41	69.05	43.350000000000016	41	69.28	43.350000000000016	41	70.79
hormigas: 80 iteraciones:60	43.350000000000016	41	78.91	43.350000000000016	41	81.97	43.350000000000016	41	81.4	43.350000000000016	41	77.59	43.350000000000016	41	78.48	43.350000000000016	41	77.32	43.350000000000016	41	79.51	43.350000000000016	41	77.56	43.350000000000016	41	83.68	43.350000000000016	41	78.22	43.350000000000016	41	77.36	43.350000000000016	41	77.46	43.350000000000016	41	77.28	43.350000000000016	41	77.36	43.350000000000016	41	76.82	43.350000000000016	41	77.89	43.350000000000016	41	77.44	43.350000000000016	41	77.4	43.350000000000016	41	77.3	43.350000000000016	41	77.68
hormigas: 90 iteraciones:60	43.35000000000001	41	87.15	43.350000000000016	41	86.94	43.350000000000016	41	87.39	43.350000000000016	41	86.55	43.350000000000016	41	86.65	43.350000000000016	41	87.14	43.350000000000016	41	86.95	43.350000000000016	41	86.44	43.350000000000016	41	87.2	43.350000000000016	41	86.89	43.350000000000016	41	86.88	43.350000000000016	41	86.92	43.350000000000016	41	86.82	43.350000000000016	41	88.12	43.350000000000016	41	86.65	43.350000000000016	41	86.92	43.350000000000016	41	86.77	43.350000000000016	41	86.75	43.350000000000016	41	86.75	43.350000000000016	41	87.26
hormigas: 10 iteraciones:70	43.350000000000016	41	11.42	43.35000000000001	41	11.52	43.35000000000001	41	11.25	43.35000000000001	41	11.3	43.350000000000016	41	11.25	43.35000000000001	41	11.36	43.35000000000001	41	11.36	43.35	41	11.17	43.35000000000001	41	11.35	43.35000000000001	41	11.35	43.350000000000016	41	11.38	43.30000000000001	41	11.35	43.35	41	11.27	43.35000000000001	41	11.27	43.35000000000001	41	11.25	43.35000000000001	41	11.31	43.35000000000001	41	11.27	43.35000000000001	41	11.3	43.35000000000001	41	11.2	43.350000000000016	41	11.13
hormigas: 20 iteraciones:70	43.350000000000016	41	22.46	43.35000000000001	41	22.27	43.35000000000001	41	22.51	43.35000000000001	41	22.34	43.350000000000016	41	22.51	43.35000000000001	41	22.51	43.30000000000001	41	22.44	43.35000000000001	41	22.55	43.35000000000001	41	22.62	43.35000000000001	41	22.47	43.35000000000001	41	22.59	43.350000000000016	41	22.54	43.350000000000016	41	22.47	43.350000000000016	41	22.59	43.35000000000001	41	22.54	43.350000000000016	41	22.33	43.35000000000001	41	22.87	43.350000000000016	41	23.13	43.35000000000001	41	22.55	43.350000000000016	41	22.65
hormigas: 30 iteraciones:70	43.35000000000001	41	33.71	43.35000000000001	41	33.9	43.35000000000001	41	35.91	43.35000000000001	41	34.0	43.35000000000001	41	34.4	43.350000000000016	41	33.84	43.30000000000002	41	33.73	43.350000000000016	41	34.14	43.350000000000016	41	33.79	43.350000000000016	41	33.87	43.35000000000001	41	33.58	43.350000000000016	41	33.84	43.350000000000016	41	33.88	43.350000000000016	41	34.04	43.350000000000016	41	33.61	43.350000000000016	41	33.98	43.350000000000016	41	33.55	43.35000000000001	41	33.62	43.35000000000001	41	33.5	43.35000000000001	41	33.77
hormigas: 40 iteraciones:70	43.350000000000016	41	44.78	43.35000000000001	41	45.17	43.35000000000001	41	44.99	43.350000000000016	41	44.78	43.350000000000016	41	44.72	43.350000000000016	41	44.79	43.35000000000001	41	44.94	43.350000000000016	41	45.04	43.350000000000016	41	45.0	43.350000000000016	41	44.9	43.350000000000016	41	45.71	43.350000000000016	41	44.85	43.35000000000001	41	44.93	43.35000000000001	41	44.75	43.35000000000001	41	44.91	43.350000000000016	41	45.06	43.350000000000016	41	44.91	43.350000000000016	41	45.63	43.350000000000016	41	45.24	43.350000000000016	41	45.04
hormigas: 50 iteraciones:70	43.350000000000016	41	55.99	43.35000000000001	41	56.13	43.350000000000016	41	55.84	43.350000000000016	41	56.27	43.350000000000016	41	55.71	43.350000000000016	41	56.19	43.350000000000016	41	55.98	43.350000000000016	41	56.09	43.350000000000016	41	55.95	43.350000000000016	41	55.92	43.35000000000001	41	55.72	43.350000000000016	41	56.11	43.350000000000016	41	56.21	43.350000000000016	41	56.72	43.350000000000016	41	56.38	43.350000000000016	41	56.14	43.350000000000016	41	56.19	43.35000000000001	41	56.02	43.350000000000016	41	56.23	43.35000000000001	41	56.16
hormigas: 60 iteraciones:70	43.350000000000016	41	67.5	43.350000000000016	41	67.2	43.350000000000016	41	67.47	43.350000000000016	41	67.48	43.35000000000001	41	67.12	43.350000000000016	41	67.48	43.350000000000016	41	67.02	43.35000000000001	41	67.39	43.350000000000016	41	67.79	43.350000000000016	41	68.52	43.350000000000016	41	67.26	43.350000000000016	41	67.09	43.350000000000016	41	68.1	43.35000000000001	41	67.51	43.350000000000016	41	69.56	43.35000000000001	41	67.65	43.350000000000016	41	66.87	43.350000000000016	41	67.49	43.35000000000001	41	67.45	43.350000000000016	41	67.16
hormigas: 70 iteraciones:70	43.350000000000016	41	78.15	43.35000000000001	41	78.9	43.350000000000016	41	78.27	43.35000000000001	41	78.87	43.350000000000016	41	78.28	43.350000000000016	41	78.57	43.350000000000016	41	78.47	43.350000000000016	41	78.63	43.350000000000016	41	79.08	43.350000000000016	41	78.38	43.350000000000016	41	78.65	43.350000000000016	41	78.5	43.350000000000016	41	79.06	43.350000000000016	41	78.65	43.350000000000016	41	78.64	43.350000000000016	41	78.75	43.350000000000016	41	78.86	43.350000000000016	41	78.78	43.350000000000016	41	78.44	43.350000000000016	41	78.87
hormigas: 80 iteraciones:70	43.350000000000016	41	89.19	43.350000000000016	41	89.62	43.350000000000016	41	91.56	43.350000000000016	41	90.02	43.350000000000016	41	110.56	43.350000000000016	41	123.61	43.350000000000016	41	104.62	43.350000000000016	41	102.37	43.350000000000016	41	104.37	43.350000000000016	41	102.79	43.350000000000016	41	102.29	43.350000000000016	41	101.38	43.350000000000016	41	100.99	43.350000000000016	41	101.19	43.350000000000016	41	101.39	43.350000000000016	41	101.58	43.350000000000016	41	101.45	43.350000000000016	41	101.51	43.350000000000016	41	101.54	43.350000000000016	41	101.15
hormigas: 90 iteraciones:70	43.350000000000016	41	114.22	43.350000000000016	41	114.12	43.350000000000016	41	111.26	43.350000000000016	41	110.58	43.350000000000016	41	110.7	43.350000000000016	41	110.93	43.350000000000016	41	112.07	43.350000000000016	41	110.52	43.350000000000016	41	110.79	43.350000000000016	41	110.54	43.350000000000016	41	110.68	43.350000000000016	41	111.28	43.350000000000016	41	110.47	43.350000000000016	41	110.74	43.350000000000016	41	110.77	43.350000000000016	41	111.02	43.350000000000016	41	111.23	43.350000000000016	41	111.1	43.350000000000016	41	110.99	43.350000000000016	41	111.46
hormigas: 10 iteraciones:80	43.35000000000001	41	14.65	43.300000000000004	41	14.64	43.35000000000001	41	14.59	43.350000000000016	41	14.65	43.30000000000002	41	14.5	43.35	41	14.6	43.30000000000002	41	14.5	43.35000000000001	41	14.49	43.35000000000001	41	14.94	43.350000000000016	41	14.64	43.30000000000002	41	14.61	43.35000000000001	41	14.59	43.35000000000001	41	14.55	43.30000000000001	41	14.5	43.30000000000001	41	14.59	43.35000000000001	41	14.59	43.35000000000001	41	14.6	43.35	41	16.96	43.35000000000001	41	14.63	43.350000000000016	41	14.74
hormigas: 20 iteraciones:80	43.35000000000001	41	29.59	43.35000000000001	41	28.93	43.35000000000001	41	28.94	43.35000000000001	41	29.08	43.35000000000001	41	28.94	43.350000000000016	41	28.96	43.35000000000001	41	28.83	43.35000000000001	41	28.93	43.35000000000001	41	29.16	43.350000000000016	41	29.0	43.35000000000001	41	29.1	43.35000000000001	41	29.02	43.350000000000016	41	28.87	43.35000000000001	41	28.95	43.350000000000016	41	28.88	43.350000000000016	41	29.1	43.35000000000001	41	29.13	43.350000000000016	41	29.04	43.350000000000016	41	28.81	43.350000000000016	41	29.09
hormigas: 30 iteraciones:80	43.35000000000001	41	44.58	43.350000000000016	41	43.37	43.350000000000016	41	43.26	43.350000000000016	41	43.54	43.350000000000016	41	43.58	43.350000000000016	41	43.62	43.35000000000001	41	43.31	43.35000000000001	41	44.37	43.35000000000001	41	43.34	43.35000000000001	41	43.45	43.35000000000001	41	43.7	43.350000000000016	41	43.3	43.350000000000016	41	43.33	43.35000000000001	41	43.5	43.35000000000001	41	43.72	43.35000000000001	41	44.04	43.35000000000001	41	43.32	43.350000000000016	41	43.37	43.350000000000016	41	43.42	43.350000000000016	41	43.58
hormigas: 40 iteraciones:80	43.350000000000016	41	57.86	43.35000000000001	41	58.1	43.350000000000016	41	57.89	43.35000000000001	41	57.84	43.350000000000016	41	57.87	43.350000000000016	41	58.13	43.35000000000001	41	58.11	43.35000000000001	41	57.93	43.350000000000016	41	57.77	43.350000000000016	41	57.56	43.35000000000001	41	54.25	43.350000000000016	41	55.32	43.35000000000001	41	58.48	43.350000000000016	41	58.04	43.350000000000016	41	57.85	43.350000000000016	41	57.94	43.350000000000016	41	58.2	43.350000000000016	41	60.13	43.35000000000001	41	57.97	43.350000000000016	41	58.54
hormigas: 50 iteraciones:80	43.350000000000016	41	76.55	43.350000000000016	41	73.59	43.350000000000016	41	72.45	43.350000000000016	41	72.98	43.35000000000001	41	72.5	43.350000000000016	41	70.61	43.350000000000016	41	69.96	43.350000000000016	41	68.17	43.350000000000016	41	71.14	43.350000000000016	41	74.56	43.350000000000016	41	62.65	43.350000000000016	41	63.16	43.350000000000016	41	62.73	43.350000000000016	41	64.61	43.350000000000016	41	62.03	43.35000000000001	41	62.54	43.350000000000016	41	62.15	43.350000000000016	41	62.14	43.35000000000001	41	62.0	43.350000000000016	41	62.21
hormigas: 60 iteraciones:80	43.350000000000016	41	75.46	43.350000000000016	41	74.71	43.35000000000001	41	74.48	43.350000000000016	41	78.66	43.350000000000016	41	75.75	43.350000000000016	41	78.43	43.350000000000016	41	75.24	43.350000000000016	41	76.09	43.350000000000016	41	76.15	43.35000000000001	41	88.84	43.350000000000016	41	81.78	43.350000000000016	41	84.21	43.35000000000001	41	75.69	43.35000000000001	41	81.08	43.350000000000016	41	86.91	43.350000000000016	41	77.79	43.350000000000016	41	75.35	43.350000000000016	41	76.93	43.350000000000016	41	75.89	43.350000000000016	41	77.79
hormigas: 70 iteraciones:80	43.350000000000016	41	89.91	43.350000000000016	41	87.39	43.350000000000016	41	87.53	43.350000000000016	41	88.74	43.350000000000016	41	97.69	43.350000000000016	41	101.23	43.350000000000016	41	100.98	43.350000000000016	41	114.88	43.350000000000016	41	122.96	43.350000000000016	41	101.58	43.350000000000016	41	87.75	43.350000000000016	41	89.59	43.350000000000016	41	87.28	43.350000000000016	41	87.53	43.350000000000016	41	87.09	43.35000000000001	41	87.26	43.350000000000016	41	87.39	43.350000000000016	41	87.41	43.350000000000016	41	88.36	43.350000000000016	41	87.41
hormigas: 80 iteraciones:80	43.350000000000016	41	100.0	43.350000000000016	41	99.74	43.350000000000016	41	99.73	43.350000000000016	41	100.57	43.350000000000016	41	100.12	43.350000000000016	41	100.21	43.350000000000016	41	99.66	43.350000000000016	41	100.16	43.350000000000016	41	99.72	43.350000000000016	41	100.88	43.350000000000016	41	99.84	43.350000000000016	41	99.93	43.350000000000016	41	99.67	43.350000000000016	41	99.95	43.350000000000016	41	100.68	43.350000000000016	41	98.93	43.350000000000016	41	99.97	43.35000000000001	41	99.56	43.350000000000016	41	99.35	43.350000000000016	41	99.48
hormigas: 90 iteraciones:80	43.350000000000016	41	111.48	43.350000000000016	41	111.85	43.350000000000016	41	113.05	43.350000000000016	41	113.31	43.350000000000016	41	112.67	43.350000000000016	41	112.61	43.350000000000016	41	112.27	43.350000000000016	41	113.87	43.350000000000016	41	112.72	43.350000000000016	41	112.17	43.350000000000016	41	112.64	43.350000000000016	41	112.17	43.35000000000001	41	112.67	43.350000000000016	41	112.43	43.350000000000016	41	112.19	43.350000000000016	41	112.32	43.350000000000016	41	112.36	43.350000000000016	41	113.39	43.350000000000016	41	111.94	43.350000000000016	41	112.56
hormigas: 10 iteraciones:90	43.35000000000001	41	14.16	43.30000000000002	41	14.08	43.35000000000001	41	14.03	43.350000000000016	41	13.93	43.350000000000016	41	14.14	43.35000000000001	41	14.12	43.350000000000016	41	14.12	43.350000000000016	41	14.1	43.35000000000001	41	13.95	43.35000000000001	41	14.13	43.35000000000001	41	14.34	43.30000000000002	41	14.14	43.35000000000001	41	14.18	43.35000000000001	41	14.14	43.35000000000001	41	14.04	43.35000000000001	41	14.31	43.35	41	14.13	43.350000000000016	41	14.11	43.30000000000001	41	14.96	43.350000000000016	41	14.07
hormigas: 20 iteraciones:90	43.35000000000001	41	28.23	43.350000000000016	41	28.34	43.350000000000016	41	28.2	43.350000000000016	41	28.25	43.35000000000001	41	28.17	43.35000000000001	41	28.15	43.35000000000001	41	28.1	43.35000000000001	41	28.12	43.350000000000016	41	28.22	43.35000000000001	41	28.3	43.35000000000001	41	28.2	43.35000000000001	41	28.25	43.35000000000001	41	28.24	43.35000000000001	41	28.22	43.350000000000016	41	28.23	43.35000000000001	41	28.15	43.35000000000001	41	28.08	43.35000000000001	41	28.02	43.350000000000016	41	28.95	43.350000000000016	41	28.42
hormigas: 30 iteraciones:90	43.35000000000001	41	42.07	43.35000000000001	41	42.43	43.35000000000001	41	42.46	43.350000000000016	41	42.62	43.35000000000001	41	42.31	43.350000000000016	41	42.41	43.35000000000001	41	42.32	43.35000000000001	41	42.01	43.350000000000016	41	42.27	43.350000000000016	41	42.26	43.350000000000016	41	41.95	43.35000000000001	41	42.93	43.35000000000001	41	41.91	43.350000000000016	41	42.06	43.350000000000016	41	41.63	43.35000000000001	41	42.01	43.350000000000016	41	41.88	43.350000000000016	41	41.95	43.35000000000001	41	41.97	43.35000000000001	41	41.94
hormigas: 40 iteraciones:90	43.350000000000016	41	55.72	43.350000000000016	41	55.88	43.35000000000001	41	55.77	43.350000000000016	41	56.01	43.350000000000016	41	56.08	43.350000000000016	41	56.12	43.350000000000016	41	56.06	43.35000000000001	41	56.65	43.350000000000016	41	56.91	43.350000000000016	41	57.27	43.350000000000016	41	56.38	43.350000000000016	41	55.96	43.350000000000016	41	60.98	43.350000000000016	41	56.22	43.350000000000016	41	56.21	43.350000000000016	41	56.43	43.350000000000016	41	56.51	43.350000000000016	41	55.99	43.350000000000016	41	58.48	43.350000000000016	41	57.68
hormigas: 50 iteraciones:90	43.35000000000001	41	71.75	43.350000000000016	41	70.29	43.350000000000016	41	70.39	43.350000000000016	41	70.28	43.350000000000016	41	70.12	43.350000000000016	41	69.97	43.35000000000001	41	70.94	43.350000000000016	41	71.03	43.350000000000016	41	70.18	43.350000000000016	41	70.38	43.35000000000001	41	70.41	43.350000000000016	41	73.51	43.350000000000016	41	81.26	43.350000000000016	41	71.0	43.350000000000016	41	71.38	43.35000000000001	41	70.17	43.35000000000001	41	70.35	43.350000000000016	41	70.16	43.350000000000016	41	70.06	43.350000000000016	41	70.13
hormigas: 60 iteraciones:90	43.350000000000016	41	84.36	43.35000000000001	41	84.89	43.35000000000001	41	84.39	43.350000000000016	41	84.81	43.350000000000016	41	84.02	43.350000000000016	41	84.04	43.35000000000001	41	83.85	43.35000000000001	41	84.36	43.350000000000016	41	85.88	43.350000000000016	41	82.41	43.350000000000016	41	80.7	43.35000000000001	41	81.22	43.350000000000016	41	80.58	43.350000000000016	41	80.91	43.350000000000016	41	81.9	43.350000000000016	41	81.47	43.350000000000016	41	81.36	43.350000000000016	41	81.56	43.350000000000016	41	81.37	43.350000000000016	41	81.56
hormigas: 70 iteraciones:90	43.350000000000016	41	95.03	43.350000000000016	41	94.95	43.35000000000001	41	95.16	43.350000000000016	41	95.38	43.350000000000016	41	95.17	43.350000000000016	41	94.85	43.350000000000016	41	95.06	43.350000000000016	41	94.12	43.350000000000016	41	94.0	43.350000000000016	41	94.11	43.350000000000016	41	95.18	43.350000000000016	41	94.79	43.350000000000016	41	94.02	43.350000000000016	41	94.32	43.350000000000016	41	94.36	43.350000000000016	41	96.12	43.350000000000016	41	95.39	43.350000000000016	41	94.54	43.350000000000016	41	94.09	43.350000000000016	41	93.96
hormigas: 80 iteraciones:90	43.350000000000016	41	107.61	43.350000000000016	41	108.51	43.350000000000016	41	107.53	43.350000000000016	41	108.54	43.350000000000016	41	107.93	43.350000000000016	41	108.05	43.350000000000016	41	107.6	43.350000000000016	41	107.82	43.35000000000001	41	107.94	43.350000000000016	41	107.8	43.35000000000001	41	107.76	43.350000000000016	41	107.94	43.350000000000016	41	108.17	43.350000000000016	41	108.19	43.350000000000016	41	108.17	43.350000000000016	41	107.77	43.350000000000016	41	107.67	43.350000000000016	41	107.95	43.350000000000016	41	107.61	43.350000000000016	41	108.04
hormigas: 90 iteraciones:90	43.350000000000016	41	121.45	43.350000000000016	41	121.0	43.350000000000016	41	120.88	43.350000000000016	41	121.11	43.350000000000016	41	121.02	43.350000000000016	41	121.73	43.350000000000016	41	121.08	43.350000000000016	41	120.9	43.350000000000016	41	121.16	43.350000000000016	41	121.29	43.350000000000016	41	121.1	43.350000000000016	41	121.28	43.350000000000016	41	121.02	43.350000000000016	41	121.5	43.350000000000016	41	121.24	43.350000000000016	41	121.84	43.350000000000016	41	121.08	43.350000000000016	41	121.2	43.350000000000016	41	120.95	43.350000000000016	41	121.0
Iteración: 1
43.250000000000014	41.0	28.44
hormigas: 10 iteraciones:10	43.25000000000001	41	1.45	43.25000000000001	41	1.44	43.250000000000014	41	1.46	43.25000000000001	41	1.43	43.25	41	1.47	43.25000000000001	41	1.48	43.20000000000001	41	1.46	43.25000000000001	41	1.47	43.25000000000001	41	1.47	43.20000000000002	41	1.45	43.25000000000001	41	1.47	43.20000000000002	41	1.44	43.20000000000001	41	1.47	43.250000000000014	41	1.45	43.250000000000014	41	1.46	43.25000000000001	41	1.47	43.25000000000001	41	1.44	43.25000000000001	41	1.46	43.250000000000014	41	1.48	43.250000000000014	41	1.46
hormigas: 20 iteraciones:10	43.250000000000014	41	2.89	43.250000000000014	41	2.91	43.250000000000014	41	2.89	43.25000000000001	41	2.93	43.250000000000014	41	2.89	43.25000000000001	41	2.86	43.250000000000014	41	2.9	43.25	41	2.89	43.250000000000014	41	2.9	43.250000000000014	41	2.95	43.25000000000001	41	2.93	43.250000000000014	41	2.9	43.25000000000001	41	2.91	43.25000000000001	41	2.91	43.25000000000001	41	2.9	43.250000000000014	41	2.89	43.250000000000014	41	2.9	43.250000000000014	41	2.89	43.25000000000001	41	2.9	43.20000000000002	41	2.88
hormigas: 30 iteraciones:10	43.25000000000001	41	4.33	43.25000000000001	41	4.33	43.25000000000001	41	4.36	43.25000000000001	41	4.4	43.250000000000014	41	4.28	43.250000000000014	41	4.3	43.25000000000001	41	4.31	43.250000000000014	41	4.31	43.250000000000014	41	4.29	43.250000000000014	41	4.34	43.250000000000014	41	4.33	43.25000000000001	41	4.36	43.250000000000014	41	4.37	43.250000000000014	41	4.32	43.250000000000014	41	4.31	43.250000000000014	41	4.3	43.250000000000014	41	4.37	43.250000000000014	41	4.29	43.250000000000014	41	4.32	43.25000000000001	41	4.36
hormigas: 40 iteraciones:10	43.250000000000014	41	5.74	43.250000000000014	41	5.71	43.250000000000014	41	5.77	43.25000000000001	41	5.77	43.250000000000014	41	5.78	43.250000000000014	41	5.78	43.250000000000014	41	5.73	43.250000000000014	41	5.76	43.250000000000014	41	5.76	43.250000000000014	41	5.75	43.250000000000014	41	5.76	43.25000000000001	41	5.77	43.25000000000001	41	5.83	43.250000000000014	41	5.79	43.250000000000014	41	5.77	43.25000000000001	41	5.77	43.250000000000014	41	5.74	43.250000000000014	41	5.73	43.250000000000014	41	5.76	43.250000000000014	41	5.7
hormigas: 50 iteraciones:10	43.25000000000001	41	7.14	43.250000000000014	41	7.19	43.250000000000014	41	7.2	43.25000000000001	41	7.17	43.250000000000014	41	7.21	43.25000000000001	41	7.21	43.250000000000014	41	7.22	43.250000000000014	41	7.17	43.25000000000001	41	7.18	43.25000000000001	41	7.41	43.25000000000001	41	7.2	43.250000000000014	41	7.25	43.250000000000014	41	7.24	43.25000000000001	41	7.21	43.250000000000014	41	7.23	43.250000000000014	41	7.24	43.25000000000001	41	7.2	43.250000000000014	41	7.14	43.250000000000014	41	7.14	43.250000000000014	41	7.24
hormigas: 60 iteraciones:10	43.250000000000014	41	8.66	43.25000000000001	41	8.62	43.250000000000014	41	8.63	43.250000000000014	41	8.66	43.25000000000001	41	8.63	43.25000000000001	41	8.65	43.25000000000001	41	8.69	43.250000000000014	41	8.71	43.25000000000001	41	8.6	43.250000000000014	41	8.63	43.250000000000014	41	8.62	43.250000000000014	41	8.86	43.250000000000014	41	8.83	43.250000000000014	41	8.6	43.25000000000001	41	8.65	43.250000000000014	41	8.62	43.250000000000014	41	8.62	43.250000000000014	41	8.96	43.25000000000001	41	8.6	43.250000000000014	41	8.58
hormigas: 70 iteraciones:10	43.250000000000014	41	10.14	43.250000000000014	41	10.05	43.250000000000014	41	10.09	43.250000000000014	41	10.05	43.250000000000014	41	10.08	43.250000000000014	41	10.03	43.250000000000014	41	10.12	43.250000000000014	41	10.07	43.25000000000001	41	10.79	43.25000000000001	41	10.07	43.250000000000014	41	10.07	43.25000000000001	41	10.02	43.250000000000014	41	10.05	43.250000000000014	41	10.11	43.25000000000001	41	10.08	43.250000000000014	41	10.05	43.250000000000014	41	10.12	43.250000000000014	41	10.05	43.250000000000014	41	10.07	43.250000000000014	41	10.05
hormigas: 80 iteraciones:10	43.250000000000014	41	11.47	43.250000000000014	41	11.52	43.250000000000014	41	11.48	43.250000000000014	41	11.46	43.25000000000001	41	11.5	43.250000000000014	41	11.52	43.250000000000014	41	11.55	43.250000000000014	41	11.59	43.250000000000014	41	11.44	43.250000000000014	41	11.54	43.250000000000014	41	11.55	43.250000000000014	41	11.47	43.250000000000014	41	11.46	43.25000000000001	41	11.53	43.25000000000001	41	11.51	43.25000000000001	41	11.5	43.250000000000014	41	11.48	43.250000000000014	41	11.53	43.250000000000014	41	11.46	43.250000000000014	41	11.52
hormigas: 90 iteraciones:10	43.25000000000001	41	12.92	43.250000000000014	41	12.9	43.25000000000001	41	12.88	43.250000000000014	41	13.01	43.250000000000014	41	13.13	43.250000000000014	41	12.91	43.250000000000014	41	12.95	43.250000000000014	41	12.9	43.250000000000014	41	12.9	43.250000000000014	41	13.01	43.250000000000014	41	12.99	43.250000000000014	41	13.07	43.250000000000014	41	12.97	43.250000000000014	41	13.01	43.250000000000014	41	12.95	43.250000000000014	41	12.89	43.250000000000014	41	13.11	43.250000000000014	41	12.95	43.250000000000014	41	13.11	43.250000000000014	41	12.9
hormigas: 10 iteraciones:20	43.250000000000014	41	2.99	43.250000000000014	41	2.99	43.25000000000001	41	2.96	43.25	41	2.95	43.25000000000001	41	2.92	43.25000000000001	41	2.94	43.25000000000001	41	2.94	43.25000000000001	41	3.01	43.250000000000014	41	2.94	43.25000000000001	41	3.0	43.250000000000014	41	2.97	43.250000000000014	41	3.02	43.250000000000014	41	3.0	43.25000000000001	41	2.95	43.250000000000014	41	2.99	43.250000000000014	41	2.99	43.25000000000001	41	2.95	43.250000000000014	41	2.95	43.250000000000014	41	2.98	43.25000000000001	41	2.95
hormigas: 20 iteraciones:20	43.250000000000014	41	5.87	43.25000000000001	41	5.9	43.25000000000001	41	5.93	43.250000000000014	41	5.9	43.25000000000001	41	5.82	43.25000000000001	41	5.87	43.250000000000014	41	5.88	43.25000000000001	41	5.88	43.250000000000014	41	5.83	43.250000000000014	41	5.92	43.250000000000014	41	5.86	43.250000000000014	41	5.87	43.250000000000014	41	5.89	43.250000000000014	41	5.87	43.25000000000001	41	5.89	43.25000000000001	41	5.96	43.250000000000014	41	5.9	43.25000000000001	41	5.86	43.250000000000014	41	5.9	43.250000000000014	41	5.89
hormigas: 30 iteraciones:20	43.250000000000014	41	8.82	43.250000000000014	41	8.8	43.250000000000014	41	8.87	43.250000000000014	41	8.91	43.250000000000014	41	8.88	43.250000000000014	41	8.77	43.250000000000014	41	8.81	43.250000000000014	41	8.85	43.25000000000001	41	8.85	43.250000000000014	41	8.92	43.250000000000014	41	8.86	43.250000000000014	41	8.9	43.25000000000001	41	8.81	43.250000000000014	41	8.74	43.250000000000014	41	8.85	43.25000000000001	41	8.84	43.250000000000014	41	8.85	43.250000000000014	41	8.85	43.25000000000001	41	8.86	43.250000000000014	41	8.8
hormigas: 40 iteraciones:20	43.250000000000014	41	11.76	43.250000000000014	41	11.76	43.25000000000001	41	11.73	43.250000000000014	41	11.87	43.250000000000014	41	11.81	43.250000000000014	41	11.71	43.250000000000014	41	11.78	43.250000000000014	41	11.76	43.250000000000014	41	11.79	43.250000000000014	41	11.73	43.250000000000014	41	11.85	43.250000000000014	41	12.02	43.250000000000014	41	11.68	43.250000000000014	41	11.79	43.250000000000014	41	11.72	43.250000000000014	41	11.7	43.250000000000014	41	11.72	43.250000000000014	41	11.72	43.250000000000014	41	11.75	43.250000000000014	41	11.74
hormigas: 50 iteraciones:20	43.250000000000014	41	14.7	43.250000000000014	41	14.77	43.250000000000014	41	14.73	43.250000000000014	41	14.79	43.250000000000014	41	14.65	43.250000000000014	41	14.74	43.250000000000014	41	14.65	43.250000000000014	41	14.74	43.250000000000014	41	14.63	43.250000000000014	41	14.74	43.250000000000014	41	14.66	43.250000000000014	41	14.78	43.250000000000014	41	14.7	43.250000000000014	41	14.69	43.250000000000014	41	14.68	43.25000000000001	41	15.07	43.250000000000014	41	14.85	43.250000000000014	41	14.81	43.250000000000014	41	15.08	43.250000000000014	41	14.71
hormigas: 60 iteraciones:20	43.25000000000001	41	17.58	43.250000000000014	41	17.54	43.250000000000014	41	17.71	43.250000000000014	41	17.8	43.250000000000014	41	17.64	43.250000000000014	41	17.54	43.250000000000014	41	17.71	43.250000000000014	41	17.59	43.250000000000014	41	17.59	43.250000000000014	41	18.99	43.250000000000014	41	17.68	43.250000000000014	41	17.71	43.250000000000014	41	17.74	43.250000000000014	41	17.57	43.250000000000014	41	17.63	43.250000000000014	41	17.57	43.250000000000014	41	17.66	43.250000000000014	41	17.6	43.250000000000014	41	17.67	43.25000000000001	41	17.6
hormigas: 70 iteraciones:20	43.250000000000014	41	20.68	43.250000000000014	41	20.52	43.250000000000014	41	20.57	43.250000000000014	41	20.58	43.250000000000014	41	20.55	43.250000000000014	41	21.49	43.250000000000014	41	20.61	43.250000000000014	41	20.58	43.250000000000014	41	20.7	43.250000000000014	41	20.53	43.250000000000014	41	20.54	43.250000000000014	41	21.07	43.25000000000001	41	20.54	43.250000000000014	41	20.59	43.250000000000014	41	20.63	43.250000000000014	41	20.6	43.250000000000014	41	20.62	43.250000000000014	41	20.61	43.250000000000014	41	20.75	43.250000000000014	41	20.66
hormigas: 80 iteraciones:20	43.250000000000014	41	23.5	43.250000000000014	41	24.05	43.250000000000014	41	23.59	43.250000000000014	41	23.63	43.250000000000014	41	23.78	43.250000000000014	41	23.45	43.250000000000014	41	23.46	43.250000000000014	41	23.42	43.250000000000014	41	23.51	43.250000000000014	41	23.5	43.250000000000014	41	23.45	43.250000000000014	41	23.43	43.250000000000014	41	23.58	43.250000000000014	41	23.6	43.250000000000014	41	23.45	43.250000000000014	41	23.64	43.250000000000014	41	23.42	43.250000000000014	41	23.4	43.250000000000014	41	23.51	43.250000000000014	41	23.56
hormigas: 90 iteraciones:20	43.250000000000014	41	26.54	43.250000000000014	41	26.39	43.250000000000014	41	26.39	43.250000000000014	41	26.49	43.250000000000014	41	26.53	43.250000000000014	41	26.65	43.250000000000014	41	26.56	43.250000000000014	41	26.58	43.250000000000014	41	26.42	43.250000000000014	41	26.61	43.250000000000014	41	26.57	43.250000000000014	41	26.47	43.250000000000014	41	26.54	43.250000000000014	41	26.51	43.250000000000014	41	26.56	43.250000000000014	41	26.47	43.250000000000014	41	26.61	43.250000000000014	41	26.46	43.250000000000014	41	26.49	43.25000000000001	41	26.58
hormigas: 10 iteraciones:30	43.25000000000001	41	4.5	43.250000000000014	41	4.69	43.25000000000001	41	4.51	43.250000000000014	41	4.51	43.25000000000001	41	4.49	43.250000000000014	41	4.52	43.25000000000001	41	4.49	43.25000000000001	41	4.48	43.25000000000001	41	4.64	43.25000000000001	41	4.52	43.25000000000001	41	4.51	43.25000000000001	41	4.55	43.250000000000014	41	4.53	43.250000000000014	41	4.46	43.25000000000001	41	4.74	43.25000000000001	41	4.74	43.25000000000001	41	4.48	43.250000000000014	41	4.46	43.250000000000014	41	4.52	43.250000000000014	41	4.49
hormigas: 20 iteraciones:30	43.250000000000014	41	9.14	43.250000000000014	41	8.95	43.250000000000014	41	8.89	43.250000000000014	41	8.92	43.250000000000014	41	8.91	43.250000000000014	41	9.03	43.250000000000014	41	8.95	43.25000000000001	41	8.95	43.250000000000014	41	8.88	43.250000000000014	41	8.94	43.250000000000014	41	8.92	43.250000000000014	41	8.9	43.250000000000014	41	8.89	43.250000000000014	41	8.9	43.250000000000014	41	8.86	43.250000000000014	41	8.94	43.25000000000001	41	9.28	43.250000000000014	41	8.87	43.250000000000014	41	8.91	43.25000000000001	41	8.94
hormigas: 30 iteraciones:30	43.250000000000014	41	13.45	43.250000000000014	41	13.34	43.25000000000001	41	13.34	43.250000000000014	41	13.23	43.25000000000001	41	13.34	43.250000000000014	41	13.26	43.250000000000014	41	13.44	43.25000000000001	41	13.4	43.250000000000014	41	13.35	43.250000000000014	41	13.49	43.250000000000014	41	13.32	43.250000000000014	41	13.39	43.250000000000014	41	13.42	43.250000000000014	41	13.38	43.250000000000014	41	13.34	43.250000000000014	41	13.43	43.250000000000014	41	13.33	43.250000000000014	41	13.32	43.25000000000001	41	13.43	43.250000000000014	41	13.3
hormigas: 40 iteraciones:30	43.250000000000014	41	17.72	43.250000000000014	41	17.85	43.250000000000014	41	17.87	43.250000000000014	41	17.72	43.250000000000014	41	17.85	43.250000000000014	41	17.89	43.250000000000014	41	17.77	43.250000000000014	41	17.79	43.250000000000014	41	17.91	43.250000000000014	41	17.83	43.250000000000014	41	17.79	43.250000000000014	41	17.83	43.250000000000014	41	17.76	43.250000000000014	41	17.82	43.250000000000014	41	17.9	43.250000000000014	41	17.99	43.250000000000014	41	18.05	43.250000000000014	41	17.85	43.250000000000014	41	17.86	43.250000000000014	41	17.84
hormigas: 50 iteraciones:30	43.250000000000014	41	22.44	43.250000000000014	41	22.33	43.250000000000014	41	22.32	43.250000000000014	41	22.28	43.250000000000014	41	22.34	43.250000000000014	41	22.44	43.250000000000014	41	22.43	43.250000000000014	41	22.13	43.250000000000014	41	22.19	43.250000000000014	41	22.31	43.250000000000014	41	22.26	43.250000000000014	41	22.4	43.250000000000014	41	22.35	43.250000000000014	41	22.23	43.250000000000014	41	22.26	43.250000000000014	41	22.27	43.250000000000014	41	22.26	43.250000000000014	41	22.33	43.250000000000014	41	22.13	43.250000000000014	41	22.2
hormigas: 60 iteraciones:30	43.250000000000014	41	26.7	43.250000000000014	41	27.15	43.250000000000014	41	26.83	43.250000000000014	41	27.08	43.250000000000014	41	26.76	43.250000000000014	41	26.68	43.250000000000014	41	26.67	43.250000000000014	41	26.71	43.250000000000014	41	26.69	43.250000000000014	41	26.82	43.250000000000014	41	26.69	43.250000000000014	41	26.77	43.250000000000014	41	26.63	43.250000000000014	41	27.54	43.250000000000014	41	27.84	43.250000000000014	41	27.88	43.250000000000014	41	26.99	43.250000000000014	41	27.22	43.250000000000014	41	27.04	43.250000000000014	41	27.11
hormigas: 70 iteraciones:30	43.250000000000014	41	31.65	43.250000000000014	41	31.31	43.250000000000014	41	31.56	43.250000000000014	41	31.49	43.250000000000014	41	31.56	43.250000000000014	41	31.83	43.250000000000014	41	31.73	43.250000000000014	41	31.52	43.250000000000014	41	31.41	43.250000000000014	41	31.58	43.250000000000014	41	31.68	43.250000000000014	41	31.52	43.250000000000014	41	31.41	43.250000000000014	41	31.36	43.250000000000014	41	31.43	43.250000000000014	41	31.49	43.250000000000014	41	31.47	43.250000000000014	41	31.51	43.250000000000014	41	31.57	43.250000000000014	41	31.36
hormigas: 80 iteraciones:30	43.250000000000014	41	35.91	43.250000000000014	41	36.12	43.250000000000014	41	35.93	43.250000000000014	41	36.65	43.250000000000014	41	35.91	43.250000000000014	41	36.29	43.250000000000014	41	36.09	43.250000000000014	41	36.11	43.250000000000014	41	35.92	43.250000000000014	41	36.06	43.250000000000014	41	35.99	43.250000000000014	41	36.36	43.250000000000014	41	36.14	43.250000000000014	41	35.97	43.250000000000014	41	35.94	43.250000000000014	41	36.3	43.250000000000014	41	35.98	43.250000000000014	41	36.18	43.250000000000014	41	35.88	43.250000000000014	41	35.97
hormigas: 90 iteraciones:30	43.250000000000014	41	40.77	43.250000000000014	41	40.47	43.250000000000014	41	40.48	43.250000000000014	41	40.67	43.250000000000014	41	40.44	43.250000000000014	41	40.64	43.250000000000014	41	41.64	43.250000000000014	41	43.25	43.250000000000014	41	43.23	43.250000000000014	41	43.36	43.250000000000014	41	43.43	43.250000000000014	41	43.11	43.250000000000014	41	42.99	43.250000000000014	41	43.44	43.250000000000014	41	43.54	43.250000000000014	41	43.24	43.250000000000014	41	43.39	43.250000000000014	41	43.26	43.250000000000014	41	43.52	43.250000000000014	41	43.21
hormigas: 10 iteraciones:40	43.250000000000014	41	6.54	43.250000000000014	41	6.44	43.250000000000014	41	6.35	43.25000000000001	41	6.46	43.250000000000014	41	6.41	43.250000000000014	41	6.5	43.25000000000001	41	6.45	43.25000000000001	41	6.52	43.25000000000001	41	6.44	43.250000000000014	41	6.41	43.250000000000014	41	6.4	43.250000000000014	41	6.54	43.250000000000014	41	6.5	43.250000000000014	41	6.61	43.250000000000014	41	6.54	43.250000000000014	41	6.38	43.250000000000014	41	6.47	43.250000000000014	41	6.41	43.250000000000014	41	6.48	43.25000000000001	41	6.39
hormigas: 20 iteraciones:40	43.250000000000014	41	12.76	43.250000000000014	41	13.0	43.25000000000001	41	12.91	43.250000000000014	41	12.97	43.250000000000014	41	12.88	43.25000000000001	41	12.93	43.250000000000014	41	12.79	43.250000000000014	41	12.71	43.250000000000014	41	12.7	43.250000000000014	41	12.79	43.250000000000014	41	12.87	43.250000000000014	41	12.94	43.250000000000014	41	12.8	43.25000000000001	41	12.82	43.250000000000014	41	12.86	43.250000000000014	41	12.85	43.25000000000001	41	12.93	43.250000000000014	41	12.72	43.250000000000014	41	13.15	43.250000000000014	41	12.83
hormigas: 30 iteraciones:40	43.250000000000014	41	19.54	43.250000000000014	41	19.43	43.250000000000014	41	19.37	43.250000000000014	41	19.25	43.250000000000014	41	19.32	43.250000000000014	41	19.34	43.25000000000001	41	19.34	43.250000000000014	41	19.25	43.250000000000014	41	19.35	43.250000000000014	41	19.33	43.250000000000014	41	19.28	43.250000000000014	41	19.2	43.250000000000014	41	19.41	43.250000000000014	41	19.09	43.250000000000014	41	19.25	43.250000000000014	41	19.28	43.250000000000014	41	19.29	43.25000000000001	41	19.29	43.250000000000014	41	19.33	43.250000000000014	41	19.29
hormigas: 40 iteraciones:40	43.250000000000014	41	25.86	43.250000000000014	41	25.99	43.250000000000014	41	25.91	43.250000000000014	41	25.79	43.250000000000014	41	25.67	43.250000000000014	41	25.8	43.250000000000014	41	25.86	43.250000000000014	41	26.04	43.250000000000014	41	25.9	43.250000000000014	41	25.7	43.250000000000014	41	25.87	43.250000000000014	41	25.77	43.250000000000014	41	25.7	43.250000000000014	41	26.1	43.250000000000014	41	25.8	43.250000000000014	41	25.9	43.250000000000014	41	25.56	43.250000000000014	41	25.78	43.250000000000014	41	25.87	43.250000000000014	41	25.9
hormigas: 50 iteraciones:40	43.250000000000014	41	32.27	43.250000000000014	41	32.64	43.250000000000014	41	32.14	43.250000000000014	41	32.55	43.250000000000014	41	32.31	43.250000000000014	41	32.13	43.25000000000001	41	32.0	43.250000000000014	41	35.06	43.250000000000014	41	47.46	43.250000000000014	41	38.71	43.250000000000014	41	37.5	43.250000000000014	41	43.62	43.250000000000014	41	38.64	43.250000000000014	41	40.84
43.250000000000014	41.0	35.98	43.250000000000014	41	37.35	43.250000000000014	41	33.95	43.250000000000014	41	33.54	43.250000000000014	41	35.27	43.250000000000014	41	38.49	43.250000000000014	41	41.99
hormigas: 60 iteraciones:40
43.250000000000014	41.0	37.75	43.250000000000014	41	49.03	43.250000000000014	41	41.09	43.250000000000014	41	40.99	43.250000000000014	41	41.1	43.250000000000014	41	41.07	43.250000000000014	41	40.27	43.250000000000014	41	40.81	43.250000000000014	41	59.94	43.250000000000014	41	54.83	43.250000000000014	41	46.18	43.250000000000014	41	50.21	43.250000000000014	41	48.06	43.250000000000014	41	49.58	43.250000000000014	41	47.48	43.250000000000014	41	45.4	43.250000000000014	41	45.04	43.250000000000014	41	44.44	43.250000000000014	41	47.83	43.250000000000014	41	46.12	43.250000000000014	41	54.3
hormigas: 70 iteraciones:40	43.250000000000014	41	53.15	43.250000000000014	41	51.36	43.250000000000014	41	49.04	43.250000000000014	41	48.68	43.250000000000014	41	48.43	43.250000000000014	41	48.21	43.250000000000014	41	47.51	43.250000000000014	41	57.49	43.250000000000014	41	49.62	43.250000000000014	41	54.47	43.250000000000014	41	47.99	43.250000000000014	41	52.94	43.250000000000014	41	47.73	43.250000000000014	41	48.03	43.250000000000014	41	49.03	43.250000000000014	41	47.6	43.250000000000014	41	47.94	43.250000000000014	41	52.39	43.250000000000014	41	57.24	43.250000000000014	41	52.53
hormigas: 80 iteraciones:40	43.250000000000014	41	57.12	43.250000000000014	41	55.48	43.250000000000014	41	54.55	43.250000000000014	41	54.51	43.250000000000014	41	54.59	43.250000000000014	41	55.26	43.250000000000014	41	55.09	43.250000000000014	41	56.94	43.250000000000014	41	55.69	43.250000000000014	41	59.65	43.250000000000014	41	53.59	43.250000000000014	41	52.92	43.250000000000014	41	51.35	43.250000000000014	41	53.03	43.250000000000014	41	53.14	43.250000000000014	41	52.55	43.250000000000014	41	55.65	43.250000000000014	41	51.36	43.250000000000014	41	50.62	43.250000000000014	41	50.43
hormigas: 90 iteraciones:40	43.250000000000014	41	56.81	43.250000000000014	41	57.1	43.250000000000014	41	57.62	43.250000000000014	41	57.32	43.250000000000014	41	56.99	43.250000000000014	41	56.94	43.250000000000014	41	57.44	43.250000000000014	41	57.08	43.250000000000014	41	56.73	43.250000000000014	41	57.74	43.250000000000014	41	57.36	43.250000000000014	41	65.3	43.250000000000014	41	61.63	43.250000000000014	41	57.7	43.250000000000014	41	57.73	43.250000000000014	41	57.3	43.250000000000014	41	57.29	43.250000000000014	41	57.18	43.250000000000014	41	57.17	43.250000000000014	41	56.76
hormigas: 10 iteraciones:50	43.250000000000014	41	8.02	43.250000000000014	41	8.03	43.250000000000014	41	8.0	43.250000000000014	41	8.01	43.25000000000001	41	8.26	43.25000000000001	41	8.11	43.250000000000014	41	8.21	43.250000000000014	41	8.12	43.250000000000014	41	8.23	43.25000000000001	41	8.12	43.250000000000014	41	8.14	43.250000000000014	41	8.1	43.25000000000001	41	8.14	43.25000000000001	41	8.12	43.250000000000014	41	8.13	43.250000000000014	41	8.22	43.250000000000014	41	8.11	43.250000000000014	41	8.11	43.250000000000014	41	8.14	43.25000000000001	41	8.08
hormigas: 20 iteraciones:50	43.25000000000001	41	16.27	43.250000000000014	41	15.85	43.250000000000014	41	15.92	43.250000000000014	41	16.03	43.250000000000014	41	15.85	43.250000000000014	41	15.73	43.250000000000014	41	15.85	43.250000000000014	41	15.82	43.250000000000014	41	15.81	43.250000000000014	41	15.75	43.250000000000014	41	15.79	43.250000000000014	41	15.66	43.250000000000014	41	15.82	43.250000000000014	41	15.86	43.250000000000014	41	15.76	43.250000000000014	41	16.24	43.250000000000014	41	20.65	43.250000000000014	41	18.28	43.250000000000014	41	16.33	43.250000000000014	41	18.24
hormigas: 30 iteraciones:50	43.250000000000014	41	27.7	43.250000000000014	41	25.16	43.250000000000014	41	25.29	43.250000000000014	41	26.2	43.250000000000014	41	24.82	43.250000000000014	41	26.04	43.250000000000014	41	25.49	43.250000000000014	41	26.57	43.250000000000014	41	27.56	43.250000000000014	41	25.71	43.250000000000014	41	25.65	43.250000000000014	41	24.79	43.250000000000014	41	25.95	43.250000000000014	41	25.05	43.250000000000014	41	25.47	43.250000000000014	41	25.37	43.250000000000014	41	25.57	43.250000000000014	41	27.15	43.250000000000014	41	25.4	43.250000000000014	41	23.9
hormigas: 40 iteraciones:50	43.250000000000014	41	32.98	43.250000000000014	41	33.46	43.250000000000014	41	34.02	43.250000000000014	41	33.49	43.250000000000014	41	36.38	43.250000000000014	41	33.4	43.250000000000014	41	33.46	43.250000000000014	41	33.22	43.250000000000014	41	33.1	43.250000000000014	41	32.26	43.250000000000014	41	32.35	43.250000000000014	41	33.67	43.250000000000014	41	35.02	43.250000000000014	41	33.22	43.250000000000014	41	32.87	43.250000000000014	41	35.46	43.250000000000014	41	33.45	43.250000000000014	41	32.18	43.250000000000014	41	36.57	43.250000000000014	41	40.08
hormigas: 50 iteraciones:50	43.250000000000014	41	56.07	43.250000000000014	41	44.53	43.250000000000014	41	40.67	43.250000000000014	41	41.54	43.250000000000014	41	43.51	43.250000000000014	41	43.39	43.250000000000014	41	43.15	43.250000000000014	41	45.03	43.250000000000014	41	45.96	43.250000000000014	41	43.18	43.250000000000014	41	41.42	43.250000000000014	41	45.41	43.250000000000014	41	42.52	43.250000000000014	41	43.63	43.250000000000014	41	41.99	43.250000000000014	41	44.27	43.250000000000014	41	44.69	43.250000000000014	41	45.6	43.250000000000014	41	45.15	43.250000000000014	41	42.53
hormigas: 60 iteraciones:50	43.250000000000014	41	52.01	43.250000000000014	41	50.91	43.250000000000014	41	54.96	43.250000000000014	41	52.4	43.250000000000014	41	53.15	43.250000000000014	41	51.69	43.250000000000014	41	49.91	43.250000000000014	41	51.16	43.250000000000014	41	51.7	43.250000000000014	41	51.15	43.250000000000014	41	53.64	43.250000000000014	41	49.59	43.250000000000014	41	48.55	43.250000000000014	41	47.43	43.250000000000014	41	47.59	43.250000000000014	41	47.91	43.250000000000014	41	48.02	43.250000000000014	41	47.65	43.250000000000014	41	47.91	43.250000000000014	41	50.5
hormigas: 70 iteraciones:50	43.250000000000014	41	57.83	43.250000000000014	41	64.42	43.250000000000014	41	68.36	43.250000000000014	41	66.86	43.250000000000014	41	67.46	43.250000000000014	41	89.87	43.250000000000014	41	82.21	43.250000000000014	41	90.22	43.250000000000014	41	100.27	43.250000000000014	41	75.15	43.250000000000014	41	68.86	43.250000000000014	41	68.37	43.250000000000014	41	66.32	43.250000000000014	41	65.37	43.250000000000014	41	65.48	43.250000000000014	41	64.64	43.250000000000014	41	66.9	43.250000000000014	41	72.25	43.250000000000014	41	67.73	43.250000000000014	41	68.0
hormigas: 80 iteraciones:50	43.250000000000014	41	79.49	43.250000000000014	41	78.74	43.250000000000014	41	76.37	43.250000000000014	41	78.89	43.250000000000014	41	75.05	43.250000000000014	41	70.74	43.250000000000014	41	79.03	43.250000000000014	41	78.98	43.250000000000014	41	74.66	43.250000000000014	41	77.91	43.250000000000014	41	78.08	43.250000000000014	41	81.3	43.250000000000014	41	79.51	43.250000000000014	41	76.56	43.250000000000014	41	74.4	43.250000000000014	41	76.62	43.250000000000014	41	81.69	43.250000000000014	41	78.78	43.250000000000014	41	74.53	43.250000000000014	41	70.83
hormigas: 90 iteraciones:50	43.250000000000014	41	79.45	43.250000000000014	41	82.95	43.250000000000014	41	80.63	43.250000000000014	41	73.43	43.250000000000014	41	78.21	43.250000000000014	41	81.06	43.250000000000014	41	80.99	43.250000000000014	41	87.85	43.250000000000014	41	84.6	43.250000000000014	41	85.52	43.250000000000014	41	94.42	43.250000000000014	41	83.65	43.250000000000014	41	77.8	43.250000000000014	41	78.43	43.250000000000014	41	83.95	43.250000000000014	41	80.28	43.250000000000014	41	78.37	43.250000000000014	41	80.99	43.250000000000014	41	82.83	43.250000000000014	41	78.63
hormigas: 10 iteraciones:60	9.300000000000004	9	0.64	9.300000000000004	9	0.68	9.300000000000004	9	0.64	9.300000000000004	9	0.67	9.300000000000004	9	0.75	9.300000000000004	9	0.76	9.300000000000004	9	0.74	9.300000000000004	9	0.66	9.300000000000004	9	0.67	9.300000000000004	9	0.69	9.300000000000004	9	0.66	9.300000000000004	9	0.66	9.300000000000004	9	0.67	9.300000000000004	9	0.78	9.300000000000004	9	0.92	9.300000000000004	9	0.7	9.300000000000004	9	0.66	9.300000000000004	9	0.68	9.300000000000004	9	0.68	9.300000000000004	9	0.67
hormigas: 20 iteraciones:60	9.300000000000004	9	1.36	9.300000000000004	9	1.36	9.300000000000004	9	1.35	9.300000000000004	9	1.85	9.300000000000004	9	1.55	9.300000000000004	9	1.63	9.300000000000004	9	1.84	9.300000000000004	9	1.67	9.300000000000004	9	1.3	9.300000000000004	9	1.3	9.300000000000004	9	1.34	9.300000000000004	9	1.34	9.300000000000004	9	1.43	9.300000000000004	9	1.27	9.300000000000004	9	1.66	9.300000000000004	9	1.39	9.300000000000004	9	1.72	9.300000000000004	9	1.46	9.300000000000004	9	1.38	9.300000000000004	9	1.34
hormigas: 30 iteraciones:60	9.300000000000004	9	2.05	9.300000000000004	9	2.03	9.300000000000004	9	2.05	9.300000000000004	9	2.02	9.300000000000004	9	2.03	9.300000000000004	9	1.93	9.300000000000004	9	1.87	9.300000000000004	9	1.89	9.300000000000004	9	1.92	9.300000000000004	9	1.99	9.300000000000004	9	2.05	9.300000000000004	9	2.01	9.300000000000004	9	2.37	9.300000000000004	9	2.07	9.300000000000004	9	2.36	9.300000000000004	9	2.01	9.300000000000004	9	2.72	9.300000000000004	9	2.43	9.300000000000004	9	2.35	9.300000000000004	9	1.88
hormigas: 40 iteraciones:60	9.300000000000004	9	2.71	9.300000000000004	9	2.64	9.300000000000004	9	2.6	9.300000000000004	9	2.61	9.300000000000004	9	2.85	9.300000000000004	9	3.11	9.300000000000004	9	3.13	9.300000000000004	9	2.83	9.300000000000004	9	2.66	9.300000000000004	9	2.61	9.300000000000004	9	3.92	9.300000000000004	9	3.39	9.300000000000004	9	2.68	9.300000000000004	9	2.64	9.300000000000004	9	2.68	9.300000000000004	9	2.98	9.300000000000004	9	2.71	9.300000000000004	9	2.67	9.300000000000004	9	2.73	9.300000000000004	9	2.66
hormigas: 50 iteraciones:60	9.300000000000004	9	3.29	9.300000000000004	9	3.41	9.300000000000004	9	3.38	9.300000000000004	9	3.19	9.300000000000004	9	3.22	9.300000000000004	9	3.28	9.300000000000004	9	3.41	9.300000000000004	9	3.24	9.300000000000004	9	3.28	9.300000000000004	9	3.26	9.300000000000004	9	3.32	9.300000000000004	9	3.43	9.300000000000004	9	3.07	9.300000000000004	9	3.27	9.300000000000004	9	3.18	9.300000000000004	9	3.34	9.300000000000004	9	3.53	9.300000000000004	9	3.33	9.300000000000004	9	3.27	9.300000000000004	9	3.38
hormigas: 60 iteraciones:60	9.300000000000004	9	4.31	9.300000000000004	9	3.86	9.300000000000004	9	3.98	9.300000000000004	9	4.79	9.300000000000004	9	3.98	9.300000000000004	9	4.59	375.90000000000003	374	5396.08
375.8500000000001	374	170.35
375.90000000000003	374	299.3
375.8500000000001	374	159.85	359.9	358	5367.21
375.90000000000003	374	318.26
375.90000000000003	374	478.47	375.95	374	5861.66	375.9500000000001	374	6098.45	375.95	374	5839.98	375.9500000000001	374	5378.51	375.95	374	5950.1	375.9500000000001	374	6551.31
15.45	15.0	0.41
11.6	11.0	6.21
11.6	11.0	6.18
11.6	11.0	6.35
11.6	11.0	6.41
11.6	11.0	6.23
15.45	15.0	0.31
3.2	3.0	0.01
9.25	9.0	0.52
9.3	9.0	0.9
11.35	11.0	3.31
13.399999999999999	13.0	62.0
14.45	14.0	172.75
15.399999999999999	15.0	957.71
15.45	15.0	1197.1
15.399999999999999	15.0	1100.96
15.399999999999999	15.0	0.4
15.399999999999999	15.0	0.57